1001	1.000	0.000	0.000	2313873.023	5126907.373	828.745
1002	2.000	0.000	0.000	2313922.106	5126909.606	817.624
1003	3.000	0.000	0.000	2313968.016	5126909.861	803.084
1	1.000	1.000	0.000	2313994.346	5126908.903	796.247
2	1.000	2.000	0.000	2314015.612	5126909.843	789.361
3	1.000	3.000	0.000	2314043.214	5126908.573	782.388
1004	4.000	0.000	0.000	2314062.594	5126911.055	777.290
4	2.000	1.000	0.000	2314089.007	5126907.904	771.792
5	2.000	2.000	0.000	2314112.740	5126904.551	771.673
6	2.000	3.000	0.000	2314136.530	5126903.611	773.439
1005	5.000	0.000	0.000	2314162.211	5126904.912	776.108
7	3.000	1.000	0.000	2314188.883	5126904.271	778.573
8	3.000	2.000	0.000	2314212.760	5126903.560	780.952
9	3.000	3.000	0.000	2314236.115	5126907.223	783.799
1006	6.000	0.000	0.000	2314260.066	5126918.647	786.354
10	4.000	1.000	0.000	2314280.230	5126935.170	788.821
11	4.000	2.000	0.000	2314299.741	5126948.469	790.942
12	4.000	3.000	0.000	2314317.897	5126963.352	792.663
1007	7.000	0.000	0.000	2314338.845	5126978.990	795.378
13	5.000	1.000	0.000	2314360.131	5126992.557	799.463
14	5.000	2.000	0.000	2314381.771	5127000.255	804.300
15	5.000	3.000	0.000	2314405.773	5127007.654	808.729
1008	8.000	0.000	0.000	2314427.706	5127019.450	812.302
16	6.000	1.000	0.000	2314453.064	5127022.023	813.720
17	6.000	2.000	0.000	2314476.933	5127022.186	815.715
18	6.000	3.000	0.000	2314500.601	5127020.462	816.346
1009	9.000	0.000	0.000	2314528.982	5127015.652	814.704
19	7.000	1.000	0.000	2314551.205	5127016.682	815.264
20	7.000	2.000	0.000	2314575.627	5127015.117	810.913
21	7.000	3.000	0.000	2314600.740	5127015.547	812.024
1010	10.000	0.000	0.000	2314626.263	5127017.817	816.027
22	8.000	1.000	0.000	2314653.330	5127022.349	817.063
23	8.000	2.000	0.000	2314677.346	5127015.572	817.099
24	8.000	3.000	0.000	2314700.437	5127008.313	817.199
1011	11.000	0.000	0.000	2314722.151	5126996.072	817.057
25	9.000	1.000	0.000	2314750.214	5126993.629	817.725
26	9.000	2.000	0.000	2314772.975	5126986.924	818.133
27	9.000	3.000	0.000	2314796.644	5126979.328	818.036
1012	12.000	0.000	0.000	2314817.923	5126964.535	817.309
28	10.000	1.000	0.000	2314844.656	5126964.717	818.957
29	10.000	2.000	0.000	2314868.337	5126958.654	819.109
30	10.000	3.000	0.000	2314891.701	5126950.871	819.139
1013	13.000	0.000	0.000	2314914.402	5126939.506	819.247
31	11.000	1.000	0.000	2314940.371	5126943.250	818.738
32	11.000	2.000	0.000	2314964.833	5126943.248	817.959
33	11.000	3.000	0.000	2314989.203	5126944.714	816.958
1014	14.000	0.000	0.000	2315015.101	5126941.290	815.778
34	12.000	1.000	0.000	2315035.806	5126957.098	813.667
35	12.000	2.000	0.000	2315055.098	5126963.986	802.515
36	12.000	3.000	0.000	2315071.776	5126976.326	789.067
1015	15.000	0.000	0.000	2315096.106	5126992.493	785.589
37	13.000	1.000	0.000	2315115.678	5126996.201	792.113
38	13.000	2.000	0.000	2315137.083	5127001.174	801.301
39	13.000	3.000	0.000	2315160.181	5127005.310	811.107
1016	16.000	0.000	0.000	2315184.220	5127019.982	814.983
40	14.000	1.000	0.000	2315207.792	5127016.978	816.681
41	14.000	2.000	0.000	2315232.856	5127016.283	819.060
42	14.000	3.000	0.000	2315257.221	5127013.811	819.579
1017	17.000	0.000	0.000	2315282.369	5127010.427	819.367
43	15.000	1.000	0.000	2315306.999	5127013.701	818.676
44	15.000	2.000	0.000	2315331.476	5127011.330	817.626
45	15.000	3.000	0.000	2315355.642	5127006.054	816.437
1018	18.000	0.000	0.000	2315379.405	5126991.377	815.068
46	16.000	1.000	0.000	2315406.201	5126984.501	813.761
47	16.000	2.000	0.000	2315425.221	5126968.440	812.251
48	16.000	3.000	0.000	2315438.502	5126947.523	811.431
1019	19.000	0.000	0.000	2315458.109	5126933.936	809.814
49	17.000	1.000	0.000	2315485.258	5126936.507	807.936
50	17.000	2.000	0.000	2315509.954	5126936.940	813.708
51	17.000	3.000	0.000	2315535.093	5126938.589	814.426
1020	20.000	0.000	0.000	2315560.662	5126937.232	813.878
52	18.000	1.000	0.000	2315586.008	5126935.184	814.182
53	18.000	2.000	0.000	2315610.882	5126935.296	814.258
54	18.000	3.000	0.000	2315635.227	5126933.667	814.375
1021	21.000	0.000	0.000	2315660.379	5126932.133	814.391
55	19.000	1.000	0.000	2315685.357	5126930.191	814.655
56	19.000	2.000	0.000	2315710.164	5126927.710	814.764
57	19.000	3.000	0.000	2315734.512	5126923.477	814.961
1022	22.000	0.000	0.000	2315759.066	5126910.772	815.455
58	20.000	1.000	0.000	2315780.502	5126894.011	816.253
59	20.000	2.000	0.000	2315796.525	5126875.450	816.906
60	20.000	3.000	0.000	2315809.213	5126854.478	817.925
1023	23.000	0.000	0.000	2315821.023	5126829.898	818.443
61	21.000	1.000	0.000	2315831.723	5126795.130	819.591
62	21.000	2.000	0.000	2315843.094	5126773.259	820.242
63	21.000	3.000	0.000	2315850.729	5126750.160	821.135
1024	24.000	0.000	0.000	2315856.392	5126737.689	821.574
64	22.000	1.000	0.000	2315867.674	5126715.026	822.689
65	22.000	2.000	0.000	2315878.696	5126693.234	823.495
66	22.000	3.000	0.000	2315893.527	5126673.621	824.676
1025	25.000	0.000	0.000	2315912.356	5126662.397	825.789
67	23.000	1.000	0.000	2315934.431	5126654.789	826.635
68	23.000	2.000	0.000	2315959.421	5126653.957	827.837
69	23.000	3.000	0.000	2315983.910	5126649.942	829.237
1026	26.000	0.000	0.000	2316000.465	5126623.154	836.629
70	24.000	1.000	0.000	2316015.642	5126609.751	835.434
71	24.000	2.000	0.000	2316040.043	5126600.470	835.089
72	24.000	3.000	0.000	2316064.093	5126601.731	835.202
1027	27.000	0.000	0.000	2316091.222	5126613.664	830.327
73	25.000	1.000	0.000	2316112.482	5126609.726	829.444
74	25.000	2.000	0.000	2316138.857	5126613.075	828.666
75	25.000	3.000	0.000	2316163.060	5126617.755	828.154
1028	28.000	0.000	0.000	2316189.970	5126616.246	826.538
1029	29.000	0.000	0.000	2316238.609	5126607.139	822.531
1030	30.000	0.000	0.000	2316277.990	5126590.891	820.843
